Delta,Time,CPU_FREQUENCY_0,CPU_FREQUENCY_1,CPU_FREQUENCY_10,CPU_FREQUENCY_11,CPU_FREQUENCY_2,CPU_FREQUENCY_3,CPU_FREQUENCY_4,CPU_FREQUENCY_5,CPU_FREQUENCY_6,CPU_FREQUENCY_7,CPU_FREQUENCY_8,CPU_FREQUENCY_9,CPU_USAGE_0,CPU_USAGE_1,CPU_USAGE_10,CPU_USAGE_11,CPU_USAGE_2,CPU_USAGE_3,CPU_USAGE_4,CPU_USAGE_5,CPU_USAGE_6,CPU_USAGE_7,CPU_USAGE_8,CPU_USAGE_9,DRAM_ENERGY (J),PACKAGE_ENERGY (J),PP0_ENERGY (J),PP1_ENERGY (J),TOTAL_MEMORY,TOTAL_SWAP,USED_MEMORY,USED_SWAP
0,1771898959353,2600,2600,2599,2600,2599,2600,2600,2599,2599,2600,2599,2600,77.41934967041016,93.54838562011719,93.33333587646484,90,93.93939208984375,90.32257843017578,93.54838562011719,80.6451644897461,89.6551742553711,96.66666412353516,90,93.54838562011719,37021.436279296875,23559.487182617188,27516.865966796875,6971.434875488281,16525500416,4294963200,12721233920,3916386304
500,1771898959353,2600,2600,2599,2600,2599,2600,2600,2599,2599,2600,2599,2600,77.41934967041016,93.54838562011719,93.33333587646484,90,93.93939208984375,90.32257843017578,93.54838562011719,80.6451644897461,89.6551742553711,96.66666412353516,90,93.54838562011719,37021.436279296875,23559.487182617188,27516.87384033203,6971.434875488281,16525500416,4294963200,12721233920,3916386304
499,1771898959854,2600,2600,2599,2600,2599,2600,2600,2599,2599,2600,2599,2600,84.31372833251953,84.31372833251953,86,86.2745132446289,84,85.71428680419922,86.2745132446289,84,80.39215850830078,82.35294342041016,85.71428680419922,86.2745132446289,37021.95861816406,23571.721618652344,27526.46466064453,6971.51025390625,16525500416,4294963200,12755922944,3916386304
499,1771898960354,2600,2600,2599,2600,2599,2600,2600,2599,2599,2600,2599,2600,85.71428680419922,90,90.19607543945313,86,89.79591369628906,94,87.7551040649414,94,88,88,90.19607543945313,86,37022.430725097656,23584.00518798828,27536.11602783203,6971.5782470703125,16525500416,4294963200,12771188736,3916386304
500,1771898960855,2600,2600,2599,2600,2599,2600,2600,2599,2599,2600,2599,2600,83.67346954345703,81.63265228271484,77.55101776123047,79.59183502197266,84,86,86.2745132446289,82.35294342041016,80,78,80,83.67346954345703,37022.899658203125,23595.99542236328,27545.45361328125,6971.6910400390625,16525500416,4294963200,12757389312,3916386304
499,1771898961355,2600,2600,2599,2600,2599,2600,2600,2599,2599,2600,2599,2600,84.31372833251953,84.31372833251953,87.7551040649414,84.31372833251953,88,85.71428680419922,87.7551040649414,84,85.71428680419922,84,89.79591369628906,98,37023.360595703125,23608.532104492188,27555.434509277344,6971.722961425781,16525500416,4294963200,12753801216,3916382208
499,1771898961855,2600,2600,2599,2600,2599,2600,2600,2599,2599,2600,2599,2600,87.7551040649414,88,90.38461303710938,87.7551040649414,84,90.19607543945313,86.2745132446289,84,88,86.2745132446289,88.23529815673828,84.31372833251953,37023.908630371094,23620.697326660156,27564.934143066406,6971.838684082031,16525500416,4294963200,12741795840,3916378112
500,1771898962356,2600,2600,2599,2600,2599,2600,2600,2599,2599,2600,2599,2600,86,87.7551040649414,84.31372833251953,88,83.67346954345703,84,84,85.71428680419922,80.39215850830078,85.71428680419922,90,83.67346954345703,37024.304931640625,23632.836547851563,27574.446716308594,6971.893493652344,16525500416,4294963200,12740382720,3916378112
499,1771898962856,2600,2600,2599,2600,2599,2600,2600,2599,2599,2600,2599,2600,81.63265228271484,84,81.63265228271484,86.2745132446289,84.31372833251953,87.7551040649414,88,88.46153259277344,89.58332824707031,83.67346954345703,83.67346954345703,85.71428680419922,37024.7041015625,23645.147705078125,27584.22216796875,6971.9439697265625,16525500416,4294963200,12731924480,3916378112
499,1771898963357,2600,2600,2599,2600,2599,2600,2600,2599,2599,2600,2599,2600,86.2745132446289,87.7551040649414,77.08332824707031,85.71428680419922,86,88,84,85.71428680419922,84,70.5882339477539,87.7551040649414,88.23529815673828,37025.093017578125,23657.570190429688,27594.075073242188,6971.9932861328125,16525500416,4294963200,12728041472,3916378112
499,1771898963856,2600,2600,2599,2600,2599,2600,2600,2599,2599,2600,2599,2600,90,86,88.23529815673828,88.23529815673828,90,84.31372833251953,92,87.7551040649414,88,87.7551040649414,90.19607543945313,90,37025.553649902344,23670.02947998047,27603.99346923828,6972.026184082031,16525500416,4294963200,12723838976,3916378112
499,1771898964357,2600,2600,2599,2600,2599,2600,2600,2599,2599,2600,2599,2600,79.59183502197266,87.7551040649414,79.59183502197266,85.71428680419922,85.71428680419922,85.71428680419922,87.7551040649414,84,86,78,84,86,37025.94744873047,23682.30938720703,27613.65264892578,6972.076965332031,16525500416,4294963200,12745498624,3916378112
500,1771898964857,2600,2600,2599,2600,2599,2600,2600,2599,2599,2600,2599,2600,90.19607543945313,92,90,90,90,90,90.19607543945313,92,74,88,86,87.7551040649414,37026.36730957031,23694.744079589844,27623.523803710938,6972.1318359375,16525500416,4294963200,12745388032,3916365824
499,1771898965357,2600,2600,2599,2600,2599,2600,2600,2599,2599,2600,2599,2600,4.081632614135742,5.882352828979492,6,9.803921699523926,5.882352828979492,0,0,1.9607844352722168,8.163265228271484,16.32653045654297,18.367347717285156,8,37026.69274902344,23698.106872558594,27624.342529296875,6972.1751708984375,16525500416,4294963200,12743479296,3916365824
499,1771898965857,2600,2600,2599,2600,2599,2600,2600,2599,2599,2600,2599,2600,78,77.08332824707031,80,79.59183502197266,82,80,78.4313735961914,77.55101776123047,79.24528503417969,78,82,80.39215850830078,37027.105224609375,23719.419372558594,27643.091247558594,6972.233581542969,16525500416,4294963200,12740714496,3916365824
491,1771898966365,2600,2600,2599,2600,2599,2600,2600,2599,2599,2600,2599,2600,88,76.47058868408203,84.31372833251953,84.31372833251953,86.2745132446289,76.47058868408203,86,78,85.71428680419922,84.31372833251953,84,84.61538696289063,37027.50048828125,23732.27606201172,27653.31298828125,6972.283874511719,16525500416,4294963200,12736851968,3916365824
490,1771898966867,2600,2600,2599,2600,2599,2600,2600,2599,2599,2600,2599,2600,83.67346954345703,86.2745132446289,86,84,86.2745132446289,84.31372833251953,70.5882339477539,84,84,86,84,85.71428680419922,37027.891845703125,23744.734497070313,27663.196411132813,6972.338073730469,16525500416,4294963200,12739276800,3916365824
499,1771898967357,2600,2600,2599,2600,2599,2600,2600,2599,2599,2600,2599,2600,87.7551040649414,87.7551040649414,75.51020050048828,86.2745132446289,89.58332824707031,72.91667175292969,86,86,85.71428680419922,85.71428680419922,89.58332824707031,87.5,37028.27185058594,23756.953369140625,27672.933837890625,6972.388122558594,16525500416,4294963200,12726398976,3916365824
499,1771898967858,2600,2600,2599,2600,2599,2600,2600,2599,2599,2600,2599,2600,88.23529815673828,88,88,89.79591369628906,88,86.2745132446289,91.66667175292969,90,88,88,86.2745132446289,90.38461303710938,37028.71765136719,23769.392028808594,27682.778686523438,6972.439392089844,16525500416,4294963200,12729856000,3916365824
499,1771898968358,2600,2600,2599,2600,2599,2600,2600,2599,2599,2600,2599,2600,82,86,87.7551040649414,88,89.79591369628906,87.7551040649414,88,89.79591369628906,86,84,84,85.71428680419922,37029.115478515625,23781.761352539063,27692.54364013672,6972.488098144531,16525500416,4294963200,12726370304,3916365824
500,1771898968858,2600,2600,2599,2600,2599,2600,2600,2599,2599,2600,2599,2600,88.23529815673828,88,86,88,86.2745132446289,70.5882339477539,88.23529815673828,88.23529815673828,88,90,74,88,37029.51550292969,23794.05291748047,27702.289306640625,6972.541564941406,16525500416,4294963200,12727603200,3916365824
499,1771898969358,2600,2600,2599,2600,2599,2600,2600,2599,2599,2600,2599,2600,87.7551040649414,89.79591369628906,88,88,86,83.67346954345703,85.71428680419922,86,80.39215850830078,84,86,86.2745132446289,37029.90612792969,23806.505798339844,27712.17840576172,6972.598449707031,16525500416,4294963200,12731846656,3916365824
499,1771898969858,2600,2600,2599,2600,2599,2600,2600,2599,2599,2600,2599,2600,86,74.50980377197266,86.2745132446289,84,88,80,82,85.71428680419922,85.71428680419922,89.79591369628906,85.71428680419922,84,37030.30389404297,23818.744140625,27721.858947753906,6972.652526855469,16525500416,4294963200,12738711552,3916357632
499,1771898970358,2600,2600,2599,2600,2599,2600,2600,2599,2599,2600,2599,2600,84,83.67346954345703,83.67346954345703,68,83.33332824707031,86,82,82,84,86.2745132446289,84.31372833251953,75.51020050048828,37030.69738769531,23831.03057861328,27731.54315185547,6972.705078125,16525500416,4294963200,12730613760,3916357632
499,1771898970858,2600,2600,2599,2600,2599,2600,2600,2599,2599,2600,2599,2600,89.79591369628906,90,87.7551040649414,86,88.46153259277344,87.7551040649414,92,86.2745132446289,91.83673095703125,90,84,90,37031.11145019531,23843.659729003906,27741.61669921875,6972.759582519531,16525500416,4294963200,12729860096,3916357632
500,1771898971358,2600,2600,2599,2600,2599,2600,2600,2599,2599,2600,2599,2600,84,81.63265228271484,82,83.67346954345703,82,80.39215850830078,84,81.63265228271484,84.61538696289063,85.71428680419922,86,82,37031.50030517578,23855.834899902344,27751.237426757813,6972.809631347656,16525500416,4294963200,12725227520,3916357632
499,1771898971859,2600,2600,2599,2600,2599,2600,2600,2599,2599,2600,2599,2600,85.71428680419922,88.23529815673828,86,88,75.51020050048828,89.79591369628906,88,79.59183502197266,87.7551040649414,88.23529815673828,86,88.23529815673828,37031.912109375,23868.3720703125,27761.201232910156,6972.876220703125,16525500416,4294963200,12726923264,3916353536
498,1771898972360,2600,2600,2599,2600,2599,2600,2600,2599,2599,2600,2599,2600,84.31372833251953,86,90,85.71428680419922,84.31372833251953,86.2745132446289,87.7551040649414,86,84.31372833251953,83.67346954345703,84,87.7551040649414,37032.29669189453,23880.7275390625,27770.951416015625,6972.93359375,16525500416,4294963200,12721487872,3916353536
492,1771898972866,2600,2600,2599,2600,2599,2600,2600,2599,2599,2600,2599,2600,88.46153259277344,88,84.31372833251953,86.2745132446289,78.4313735961914,89.79591369628906,82.35294342041016,86.53846740722656,80,90.19607543945313,84,86.2745132446289,37032.702209472656,23893.322204589844,27780.97088623047,6972.984130859375,16525500416,4294963200,12735877120,3916353536
499,1771898973359,2600,2600,2599,2600,2599,2600,2600,2599,2599,2600,2599,2600,85.71428680419922,83.67346954345703,83.33332824707031,85.71428680419922,83.33332824707031,84,83.33332824707031,85.71428680419922,75.51020050048828,84,82,87.7551040649414,37033.083557128906,23905.530029296875,27790.657470703125,6973.034240722656,16525500416,4294963200,12726132736,3916353536
499,1771898973859,2600,2600,2599,2600,2599,2600,2600,2599,2599,2600,2599,2600,87.7551040649414,74,86.53846740722656,74,90,86.2745132446289,86.2745132446289,65.30612182617188,86,85.71428680419922,87.7551040649414,86,37033.476623535156,23917.967834472656,27800.553283691406,6973.086730957031,16525500416,4294963200,12728832000,3916353536
500,1771898974360,2600,2600,2599,2600,2599,2600,2600,2599,2599,2600,2599,2600,86,88,87.7551040649414,86,82,83.67346954345703,88,86.2745132446289,87.7551040649414,86.2745132446289,88,86,37033.87878417969,23930.506286621094,27810.467712402344,6973.1363525390625,16525500416,4294963200,12729303040,3916353536
499,1771898974860,2600,2600,2599,2600,2599,2600,2600,2599,2599,2600,2599,2600,90.19607543945313,78.4313735961914,86,90,76,86,88,87.7551040649414,88,88,90.19607543945313,86,37034.27471923828,23943.010803222656,27820.440063476563,6973.185363769531,16525500416,4294963200,12727902208,3916353536
499,1771898975360,2600,2600,2599,2600,2599,2600,2600,2599,2599,2600,2599,2600,87.7551040649414,88,88,88,90,88,89.79591369628906,88,84.31372833251953,86,87.7551040649414,86,37034.66247558594,23955.506958007813,27830.393676757813,6973.2342529296875,16525500416,4294963200,12722749440,3916353536
500,1771898975861,2600,2600,2599,2600,2599,2600,2600,2599,2599,2600,2599,2600,84,86,84,80,82,86,84.31372833251953,86,86,86.2745132446289,86,86,37035.0546875,23967.844116210938,27840.18328857422,6973.2857666015625,16525500416,4294963200,12718379008,3916353536
493,1771898976367,2600,2600,2599,2600,2599,2600,2600,2599,2599,2600,2599,2600,82,87.5,84.31372833251953,86,84.31372833251953,84.31372833251953,88,86.2745132446289,86.2745132446289,84.31372833251953,86.53846740722656,86.2745132446289,37035.45684814453,23980.547790527344,27850.232788085938,6973.336181640625,16525500416,4294963200,12730789888,3916353536
500,1771898976861,2600,2600,2599,2600,2599,2600,2600,2599,2599,2600,2599,2600,86.2745132446289,90.38461303710938,87.7551040649414,90,86,80.39215850830078,90.19607543945313,88,88,91.83673095703125,89.58332824707031,89.79591369628906,37035.85729980469,23992.872314453125,27860.02392578125,6973.3948974609375,16525500416,4294963200,12722954240,3916353536
499,1771898977361,2600,2600,2599,2600,2599,2600,2600,2599,2599,2600,2599,2600,76,84,86,86,86,85.41667175292969,87.7551040649414,85.41667175292969,86.2745132446289,84.31372833251953,84,86.2745132446289,37036.29754638672,24005.309692382813,27869.880615234375,6973.444274902344,16525500416,4294963200,12706545664,3916353536
499,1771898977861,2600,2600,2599,2600,2599,2600,2600,2599,2599,2600,2599,2600,89.79591369628906,88,88.23529815673828,90,90.19607543945313,86.2745132446289,86,88.23529815673828,83.33332824707031,87.5,88,87.7551040649414,37036.702697753906,24017.75341796875,27879.79473876953,6973.494567871094,16525500416,4294963200,12625326080,3916353536
499,1771898978362,2600,2600,2599,2600,2599,2600,2600,2599,2599,2600,2599,2600,88.23529815673828,84,85.71428680419922,87.7551040649414,86,87.7551040649414,85.71428680419922,86,90,86,82.69230651855469,87.7551040649414,37037.10137939453,24030.203247070313,27889.630004882813,6973.545715332031,16525500416,4294963200,12624723968,3916353536
499,1771898978862,2600,2600,2599,2600,2599,2600,2600,2599,2599,2600,2599,2600,35.416664123535156,41.17647171020508,28.571430206298828,35.29411697387695,38.775508880615234,39.2156867980957,32.69230651855469,32.65306091308594,40.384613037109375,35.29411697387695,38,34.615386962890625,37037.46563720703,24036.683044433594,27893.572692871094,6973.578796386719,16525500416,4294963200,12641181696,3916353536
499,1771898979362,2600,2600,2599,2600,2599,2600,2600,2599,2599,2600,2599,2600,14,10,8,8,8,11.764705657958984,4.081632614135742,4,22.448978424072266,4.081632614135742,4.1666669845581055,6,37037.80584716797,24041.785278320313,27896.15252685547,6973.6131591796875,16525500416,4294963200,12676513792,3916349440
499,1771898979862,2600,2600,2599,2600,2599,2600,2600,2599,2599,2600,2599,2600,14.285715103149414,8,4.081632614135742,8.163265228271484,4.081632614135742,6.122448921203613,14.285715103149414,8.163265228271484,14,6.122448921203613,8.163265228271484,6,37038.09686279297,24044.944946289063,27896.848876953125,6973.6131591796875,16525500416,4294963200,12652376064,3916349440
499,1771898980362,2600,2600,2599,2600,2599,2600,2600,2599,2599,2600,2599,2600,8,4.081632614135742,8,4.081632614135742,2,9.803921699523926,9.803921699523926,6,8.333333969116211,8.163265228271484,12,8,37038.37823486328,24048.086975097656,27897.47589111328,6973.6131591796875,16525500416,4294963200,12650201088,3916349440
499,1771898980862,2600,2600,2599,2600,2599,2600,2600,2599,2599,2600,2599,2600,4.1666669845581055,4.081632614135742,7.843137741088867,2.040816307067871,0,4.081632614135742,2.040816307067871,0,15.686275482177734,9.615385055541992,5.882352828979492,18.367347717285156,37038.663635253906,24051.691284179688,27898.61895751953,6973.6131591796875,16525500416,4294963200,12649746432,3916349440
499,1771898981362,2600,2600,2599,2600,2599,2600,2600,2599,2599,2600,2599,2600,7.843137741088867,6.122448921203613,10,5.882352828979492,0,8,2.040816307067871,3.9215688705444336,8,8,4.255319118499756,6,37038.94763183594,24054.751525878906,27899.219116210938,6973.6131591796875,16525500416,4294963200,12649742336,3916349440
499,1771898981862,2600,2600,2599,2600,2599,2600,2600,2599,2599,2600,2599,2600,22.448978424072266,25.490198135375977,22,24,20,21.568628311157227,22,18.367347717285156,18.367347717285156,20,36,22,37039.27520751953,24065.897888183594,27907.85821533203,6973.6461181640625,16525500416,4294963200,12626235392,3916345344
499,1771898982363,2600,2600,2599,2600,2599,2600,2600,2599,2599,2600,2599,2600,2.040816307067871,4.081632614135742,4,8,2,4.081632614135742,6.122448921203613,2,8.333333969116211,4,5.882352828979492,7.843137741088867,37039.55194091797,24068.945678710938,27908.41357421875,6973.6461181640625,16525500416,4294963200,12625977344,3916345344
499,1771898982862,2600,2600,2599,2600,2599,2600,2600,2599,2599,2600,2599,2600,8,8,4.081632614135742,4.081632614135742,4,6,6,8,16.32653045654297,6,12.244897842407227,2.0833334922790527,37039.84100341797,24072.060119628906,27909.077514648438,6973.6461181640625,16525500416,4294963200,12625895424,3916345344
499,1771898983363,2600,2600,2599,2600,2599,2600,2600,2599,2599,2600,2599,2600,4,6,8.163265228271484,6,0,2,6.122448921203613,4.081632614135742,12,4,0,0,37040.11932373047,24075.114501953125,27909.66796875,6973.6461181640625,16525500416,4294963200,12616851456,3916345344
499,1771898983863,2600,2600,2599,2600,2599,2600,2600,2599,2599,2600,2599,2600,4.081632614135742,6.122448921203613,6.122448921203613,5.882352828979492,2.040816307067871,4,9.803921699523926,6.122448921203613,8,6.122448921203613,13.461539268493652,2,37040.40606689453,24078.190673828125,27910.285583496094,6973.6461181640625,16525500416,4294963200,12616302592,3916345344
499,1771898984363,2600,2600,2599,2600,2599,2600,2600,2599,2599,2600,2599,2600,4,6,5.882352828979492,4.1666669845581055,3.9215688705444336,2,6,4,6,7.843137741088867,6,4.1666669845581055,37040.683349609375,24081.393676757813,27910.994506835938,6973.6461181640625,16525500416,4294963200,12616302592,3916345344
499,1771898984863,2600,2600,2599,2600,2599,2600,2600,2599,2599,2600,2599,2600,5.882352828979492,4.081632614135742,22.448978424072266,5.882352828979492,0,4,7.843137741088867,4.081632614135742,10,6,10.204081535339355,8,37040.97784423828,24085.552124023438,27912.69598388672,6973.6461181640625,16525500416,4294963200,12615299072,3916341248
499,1771898985363,2600,2600,2599,2600,2599,2600,2600,2599,2599,2600,2599,2600,6,5.882352828979492,5.882352828979492,3.9215688705444336,3.9215688705444336,3.9215688705444336,8,6,8.163265228271484,6.25,4,6.122448921203613,37041.26007080078,24088.592651367188,27913.28350830078,6973.6461181640625,16525500416,4294963200,12615553024,3916341248
499,1771898985864,2600,2600,2599,2600,2599,2600,2600,2599,2599,2600,2599,2600,14,4.081632614135742,10,0,4,2.0833334922790527,4.081632614135742,8,7.692307949066162,7.843137741088867,10.204081535339355,8.163265228271484,37041.547912597656,24091.67938232422,27913.913635253906,6973.6461181640625,16525500416,4294963200,12615270400,3916341248
499,1771898986364,2600,2600,2599,2600,2599,2600,2600,2599,2599,2600,2599,2600,16.32653045654297,12.244897842407227,12.244897842407227,10,12.244897842407227,10.204081535339355,8.163265228271484,8.163265228271484,10.204081535339355,14.285715103149414,17.307693481445313,18,37041.86700439453,24095.75408935547,27915.47607421875,6973.6461181640625,16525500416,4294963200,12609228800,3916341248
499,1771898986864,2600,2600,2599,2600,2599,2600,2600,2599,2599,2600,2599,2600,12,2.040816307067871,4,14.285715103149414,2.040816307067871,10.204081535339355,5.882352828979492,8,6,7.843137741088867,4.1666669845581055,12,37042.16278076172,24098.97088623047,27916.23858642578,6973.6461181640625,16525500416,4294963200,12609343488,3916341248
499,1771898987364,2600,2600,2599,2600,2599,2600,2600,2599,2599,2600,2599,2600,9.803921699523926,4,6,7.843137741088867,2,4.081632614135742,4,5.882352828979492,0,4.081632614135742,8.163265228271484,6.122448921203613,37042.44250488281,24101.976501464844,27916.790954589844,6973.6461181640625,16525500416,4294963200,12609646592,3916341248
499,1771898987864,2600,2600,2599,2600,2599,2600,2600,2599,2599,2600,2599,2600,18.367347717285156,9.803921699523926,9.803921699523926,14,2.040816307067871,8,4,4.1666669845581055,7.843137741088867,4.081632614135742,6,2,37042.74871826172,24105.264038085938,27917.62030029297,6973.6461181640625,16525500416,4294963200,12609589248,3916341248
499,1771898988364,2600,2600,2599,2600,2599,2600,2600,2599,2599,2600,2599,2600,4.081632614135742,4.081632614135742,8.163265228271484,2.040816307067871,6,9.803921699523926,6,6,4.081632614135742,8,4,9.803921699523926,37043.028259277344,24108.309020996094,27918.17547607422,6973.6461181640625,16525500416,4294963200,12609589248,3916341248
499,1771898988864,2600,2600,2599,2600,2599,2600,2600,2599,2599,2600,2599,2600,10.204081535339355,2.040816307067871,6.122448921203613,4,4,6,16,0,6.122448921203613,2.040816307067871,6,6.122448921203613,37043.31652832031,24111.90966796875,27919.326171875,6973.6461181640625,16525500416,4294963200,12609200128,3916341248
499,1771898989364,2600,2600,2599,2600,2599,2600,2600,2599,2599,2600,2599,2600,9.803921699523926,4.081632614135742,7.843137741088867,5.882352828979492,2,4,4,5.882352828979492,4,2.040816307067871,8,8.163265228271484,37043.59362792969,24114.910095214844,27919.877319335938,6973.6461181640625,16525500416,4294963200,12609200128,3916341248
499,1771898989865,2600,2600,2599,2600,2599,2600,2600,2599,2599,2600,2599,2600,2.040816307067871,2,6.122448921203613,18.367347717285156,8,4.081632614135742,2.040816307067871,2.040816307067871,6,4,8,4,37043.885498046875,24118.736267089844,27921.24786376953,6973.6461181640625,16525500416,4294963200,12608757760,3916316672
500,1771898990365,2600,2600,2599,2600,2599,2600,2600,2599,2599,2600,2599,2600,6.122448921203613,6,9.803921699523926,4.081632614135742,2,9.803921699523926,8,6.122448921203613,6.122448921203613,2,2,9.803921699523926,37044.16394042969,24121.81951904297,27921.839294433594,6973.6461181640625,16525500416,4294963200,12608753664,3916292096
495,1771898990870,2600,2600,2599,2600,2599,2600,2600,2599,2599,2600,2599,2600,56,62,58,57.69230651855469,52,60.000003814697266,62.74510192871094,56.86274719238281,59.615386962890625,56,72,55.1020393371582,37044.63342285156,24148.673889160156,27946.137329101563,6973.699951171875,16525500416,4294963200,12550733824,3916292096
499,1771898991366,2600,2600,2599,2600,2599,2600,2600,2599,2599,2600,2599,2600,28.571430206298828,30.000001907348633,28.571430206298828,28.571430206298828,25,27.08333396911621,31.25,24.489795684814453,34.693878173828125,26.530611038208008,24.489795684814453,32.65306091308594,37045.011291503906,24161.60858154297,27956.514221191406,6973.744445800781,16525500416,4294963200,12426457088,3916292096
499,1771898991866,2600,2600,2599,2600,2599,2600,2600,2599,2599,2600,2599,2600,10,10.204081535339355,12.244897842407227,6.25,11.764705657958984,6,6.122448921203613,8,8.163265228271484,11.764705657958984,12,10,37045.31359863281,24165.15106201172,27957.560546875,6973.764892578125,16525500416,4294963200,12426481664,3916279808
499,1771898992366,2600,2600,2599,2600,2599,2600,2600,2599,2599,2600,2599,2600,82,56.86274719238281,21.568628311157227,32.65306091308594,26,18,20,27.45098114013672,28,38,16.666667938232422,32,37045.997314453125,24186.0810546875,27975.82000732422,6973.860412597656,16525500416,4294963200,12607045632,3916279808
499,1771898992866,2600,2600,2599,2600,2599,2600,2600,2599,2599,2600,2599,2600,70.5882339477539,4.081632614135742,7.843137741088867,6,6.122448921203613,8,6,41.17647171020508,8,4,7.843137741088867,8,37046.42590332031,24203.12078857422,27990.27392578125,6973.860412597656,16525500416,4294963200,12671045632,3916279808
499,1771898993366,2600,2600,2599,2600,2599,2600,2600,2599,2599,2600,2599,2600,10.416666030883789,10.204081535339355,12,12,8.163265228271484,12,90,28,12,16,8,10.204081535339355,37046.921813964844,24221.589416503906,28006.21112060547,6973.860412597656,16525500416,4294963200,12680577024,3916275712
499,1771898993866,2600,2600,2599,2600,2599,2600,2600,2599,2599,2600,2599,2600,4,6,2.040816307067871,4,9.803921699523926,13.207547187805176,0,4.081632614135742,12.244897842407227,4,8,4,37047.20831298828,24225.041137695313,28007.200805664063,6973.860412597656,16525500416,4294963200,12679495680,3916275712
499,1771898994366,2600,2600,2599,2600,2599,2600,2600,2599,2599,2600,2599,2600,11.764705657958984,6.122448921203613,4.081632614135742,0,8,4.1666669845581055,10,6,7.843137741088867,2.0833334922790527,4,0,37047.48974609375,24228.098083496094,28007.814453125,6973.860412597656,16525500416,4294963200,12679749632,3916275712
499,1771898994866,2600,2600,2599,2600,2599,2600,2600,2599,2599,2600,2599,2600,8,9.803921699523926,6.122448921203613,8.163265228271484,6,39.2156867980957,98,6.122448921203613,2.0833334922790527,7.843137741088867,11.764705657958984,2.040816307067871,37047.999084472656,24245.98358154297,28023.125,6973.860412597656,16525500416,4294963200,12896165888,3916271616
499,1771898995366,2600,2600,2599,2600,2599,2600,2600,2599,2599,2600,2599,2600,6.122448921203613,8,8.163265228271484,6,4.081632614135742,12.244897842407227,28,8,6,4,4,9.43396282196045,37048.36279296875,24253.159912109375,28027.785705566406,6973.871826171875,16525500416,4294963200,12632772608,3916271616
499,1771898995866,2600,2600,2599,2600,2599,2600,2600,2599,2599,2600,2599,2600,4,6.25,4,2.040816307067871,11.764705657958984,5.882352828979492,0,6.122448921203613,4.1666669845581055,6,6.122448921203613,6,37048.64978027344,24256.271911621094,28028.44012451172,6973.871826171875,16525500416,4294963200,12631412736,3916271616
499,1771898996366,2600,2600,2599,2600,2599,2600,2600,2599,2599,2600,2599,2600,10,7.843137741088867,4,4.081632614135742,6.122448921203613,6,4,7.843137741088867,4,2,2.0833334922790527,4,37048.929138183594,24259.403442382813,28029.122497558594,6973.871826171875,16525500416,4294963200,12629585920,3916271616
499,1771898996867,2600,2600,2599,2600,2599,2600,2600,2599,2599,2600,2599,2600,7.843137741088867,4.081632614135742,2.040816307067871,5.882352828979492,12.244897842407227,14.583333015441895,7.843137741088867,4.081632614135742,4.081632614135742,2,11.538461685180664,4.081632614135742,37049.21740722656,24262.958740234375,28030.178833007813,6973.871826171875,16525500416,4294963200,12629147648,3916271616
499,1771898997367,2600,2600,2599,2600,2599,2600,2600,2599,2599,2600,2599,2600,4,6,9.803921699523926,6,6,2.040816307067871,7.843137741088867,6,8,0,6.122448921203613,4,37049.496032714844,24265.960876464844,28030.732849121094,6973.871826171875,16525500416,4294963200,12629401600,3916271616
499,1771898997867,2600,2600,2599,2600,2599,2600,2600,2599,2599,2600,2599,2600,2.127659559249878,4.1666669845581055,6.122448921203613,4,6.122448921203613,14,6,2.040816307067871,4.081632614135742,6,6.122448921203613,6.122448921203613,37049.78253173828,24269.052612304688,28031.377502441406,6973.871826171875,16525500416,4294963200,12629499904,3916271616
499,1771898998367,2600,2600,2599,2600,2599,2600,2600,2599,2599,2600,2599,2600,9.803921699523926,7.843137741088867,6,2.040816307067871,2,4.081632614135742,4.081632614135742,4,2.040816307067871,4,6,10,37050.061279296875,24272.06182861328,28031.940490722656,6973.871826171875,16525500416,4294963200,12630253568,3916271616
499,1771898998867,2600,2600,2599,2600,2599,2600,2600,2599,2599,2600,2599,2600,12,6.122448921203613,4.1666669845581055,4.081632614135742,8.163265228271484,11.764705657958984,3.9215688705444336,2.040816307067871,5.882352828979492,6,7.843137741088867,10,37050.348388671875,24275.213012695313,28032.610473632813,6973.871826171875,16525500416,4294963200,12627927040,3916271616
499,1771898999367,2600,2600,2599,2600,2599,2600,2600,2599,2599,2600,2599,2600,4.081632614135742,7.843137741088867,4.081632614135742,4,4,4,4,2,8.163265228271484,8,2.0833334922790527,11.764705657958984,37050.62890625,24278.23028564453,28033.176513671875,6973.871826171875,16525500416,4294963200,12628180992,3916271616
499,1771898999867,2600,2600,2599,2600,2599,2600,2600,2599,2599,2600,2599,2600,8,4.1666669845581055,2.040816307067871,8,4,10,2.040816307067871,4.081632614135742,6.122448921203613,9.803921699523926,4,8.163265228271484,37050.915588378906,24281.29132080078,28033.792541503906,6973.871826171875,16525500416,4294963200,12626952192,3916271616
498,1771899000368,2600,2600,2599,2600,2599,2600,2600,2599,2599,2600,2599,2600,10,7.843137741088867,5.882352828979492,4.081632614135742,6,4,2.040816307067871,2,6.122448921203613,5.882352828979492,5.882352828979492,6.25,37051.198486328125,24284.303955078125,28034.35577392578,6973.871826171875,16525500416,4294963200,12625559552,3916271616
499,1771899000867,2600,2600,2599,2600,2599,2600,2600,2599,2599,2600,2599,2600,14.583333015441895,10.416666030883789,10.416666030883789,14,14.285715103149414,36.73469543457031,15.686275482177734,14,13.72549057006836,12.244897842407227,15.686275482177734,16,37051.499572753906,24292.41748046875,28039.991577148438,6973.871826171875,16525500416,4294963200,12625174528,3916271616
499,1771899001368,2600,2600,2599,2600,2599,2600,2600,2599,2599,2600,2599,2600,14,12.244897842407227,12,10.416666030883789,10.204081535339355,8,12,12,16,8.163265228271484,12,17.647058486938477,37051.80700683594,24299.06298828125,28044.138671875,6973.896911621094,16525500416,4294963200,12632387584,3916271616
499,1771899001868,2600,2600,2599,2600,2599,2600,2600,2599,2599,2600,2599,2600,14.285715103149414,5.882352828979492,2.0833334922790527,12,6.25,2,2,2.040816307067871,4.081632614135742,5.882352828979492,5.882352828979492,4.081632614135742,37052.09118652344,24302.24591064453,28044.876708984375,6973.896911621094,16525500416,4294963200,12611289088,3916271616
499,1771899002368,2600,2600,2599,2600,2599,2600,2600,2599,2599,2600,2599,2600,6,4.1666669845581055,9.615385055541992,2.040816307067871,9.803921699523926,2.040816307067871,4,4,9.803921699523926,7.692307949066162,8.333333969116211,14.285715103149414,37052.386962890625,24305.316650390625,28045.480224609375,6973.913391113281,16525500416,4294963200,12611219456,3916271616
499,1771899002868,2600,2600,2599,2600,2599,2600,2600,2599,2599,2600,2599,2600,12,12,12.244897842407227,7.843137741088867,6,3.9215688705444336,6.25,6,6,4.1666669845581055,6,13.72549057006836,37052.67578125,24308.45703125,28046.144165039063,6973.913391113281,16525500416,4294963200,12615311360,3916214272
499,1771899003368,2600,2600,2599,2600,2599,2600,2600,2599,2599,2600,2599,2600,8.333333969116211,8,4.081632614135742,2.040816307067871,2.040816307067871,0,10,4,2.0833334922790527,3.9215688705444336,8.163265228271484,8,37052.956481933594,24311.44744873047,28046.68505859375,6973.913391113281,16525500416,4294963200,12615311360,3916214272
499,1771899003868,2600,2600,2599,2600,2599,2600,2600,2599,2599,2600,2599,2600,12,6.122448921203613,6.122448921203613,2.040816307067871,4.081632614135742,6,7.843137741088867,4.081632614135742,3.9215688705444336,4,6,8.163265228271484,37053.24493408203,24314.511657714844,28047.3056640625,6973.913391113281,16525500416,4294963200,12615405568,3916214272
499,1771899004368,2600,2600,2599,2600,2599,2600,2600,2599,2599,2600,2599,2600,10.204081535339355,2.040816307067871,2.0833334922790527,2,6,2,4.081632614135742,7.843137741088867,2.040816307067871,2.040816307067871,4,4.081632614135742,37053.521728515625,24317.681701660156,28048.034729003906,6973.913391113281,16525500416,4294963200,12615405568,3916214272
499,1771899004868,2600,2600,2599,2600,2599,2600,2600,2599,2599,2600,2599,2600,11.764705657958984,6,11.764705657958984,2,3.9215688705444336,2,18.367347717285156,8,5.882352828979492,6,6.122448921203613,4,37053.8056640625,24321.463928222656,28049.323364257813,6973.913391113281,16525500416,4294963200,12611964928,3916214272
499,1771899005369,2600,2600,2599,2600,2599,2600,2600,2599,2599,2600,2599,2600,2.040816307067871,6.122448921203613,2.040816307067871,0,5.882352828979492,2.040816307067871,4,9.615385055541992,0,4,9.803921699523926,8.163265228271484,37054.080627441406,24324.41943359375,28049.839477539063,6973.913391113281,16525500416,4294963200,12611964928,3916214272
500,1771899005868,2600,2600,2599,2600,2599,2600,2600,2599,2599,2600,2599,2600,46.938777923583984,32,28,28,29.16666603088379,31.37255096435547,29.16666603088379,35.416664123535156,34.693878173828125,34,34.693878173828125,31.37255096435547,37054.48712158203,24340.731079101563,28063.68145751953,6973.943542480469,16525500416,4294963200,12612853760,3916214272
499,1771899006369,2600,2600,2599,2600,2599,2600,2600,2599,2599,2600,2599,2600,18.367347717285156,24,14,16,24,18.367347717285156,17.307693481445313,16.32653045654297,16,12.244897842407227,16,16.32653045654297,37054.802490234375,24349.461975097656,28069.88067626953,6973.965881347656,16525500416,4294963200,12613287936,3916214272
499,1771899006869,2600,2600,2599,2600,2599,2600,2600,2599,2599,2600,2599,2600,18,16,10.204081535339355,15.686275482177734,16,14,18,16,21.568628311157227,12.244897842407227,10.204081535339355,17.647058486938477,37055.096618652344,24353.465393066406,28071.38800048828,6973.965881347656,16525500416,4294963200,12614213632,3916214272
499,1771899007369,2600,2600,2599,2600,2599,2600,2600,2599,2599,2600,2599,2600,16,16.32653045654297,12,14.583333015441895,12.5,18.75,20,18,17.647058486938477,16,18,14.285715103149414,37055.40887451172,24362.36004638672,28077.800231933594,6973.9862060546875,16525500416,4294963200,12615974912,3916214272
499,1771899007869,2600,2600,2599,2600,2599,2600,2600,2599,2599,2600,2599,2600,4,6,2.040816307067871,14,10,9.803921699523926,12.244897842407227,4.081632614135742,8.163265228271484,4,6,3.9215688705444336,37055.70037841797,24365.437072753906,28078.432006835938,6973.9862060546875,16525500416,4294963200,12615778304,3916214272
499,1771899008369,2600,2600,2599,2600,2599,2600,2600,2599,2599,2600,2599,2600,4,2.040816307067871,4,2.040816307067871,14,6.122448921203613,8.163265228271484,4.081632614135742,4,4,4,2.040816307067871,37055.978942871094,24368.41766357422,28078.97216796875,6973.9862060546875,16525500416,4294963200,12616032256,3916214272
499,1771899008869,2600,2600,2599,2600,2599,2600,2600,2599,2599,2600,2599,2600,4.081632614135742,2,4.081632614135742,6.25,8,8,19.60784339904785,4.081632614135742,4.1666669845581055,6.122448921203613,6.122448921203613,5.882352828979492,37056.268127441406,24372.18212890625,28080.269592285156,6973.9862060546875,16525500416,4294963200,12615118848,3916210176
499,1771899009369,2600,2600,2599,2600,2599,2600,2600,2599,2599,2600,2599,2600,6.122448921203613,6,2.040816307067871,5.882352828979492,9.803921699523926,8,2,6,7.843137741088867,4.081632614135742,4,4.255319118499756,37056.54962158203,24375.192749023438,28080.838500976563,6973.9862060546875,16525500416,4294963200,12596617216,3916201984
499,1771899009870,2600,2600,2599,2600,2599,2600,2600,2599,2599,2600,2599,2600,6.122448921203613,6.122448921203613,18.367347717285156,4.081632614135742,8,8,4,4,4.1666669845581055,4,7.692307949066162,9.803921699523926,37056.85546875,24378.373901367188,28081.56658935547,6973.9862060546875,16525500416,4294963200,12594012160,3916201984
499,1771899010370,2600,2600,2599,2600,2599,2600,2600,2599,2599,2600,2599,2600,9.803921699523926,3.9215688705444336,4,4,8,6,4.1666669845581055,4.081632614135742,6,4,2.040816307067871,8,37057.133056640625,24381.352294921875,28082.10772705078,6973.9862060546875,16525500416,4294963200,12594257920,3916201984
499,1771899010870,2600,2600,2599,2600,2599,2600,2600,2599,2599,2600,2599,2600,6,2.0833334922790527,4.081632614135742,8.510638236999512,12.244897842407227,6,10,4,2,8,4.081632614135742,6.122448921203613,37057.418518066406,24384.459533691406,28082.74493408203,6973.9862060546875,16525500416,4294963200,12590284800,3916201984
499,1771899011370,2600,2600,2599,2600,2599,2600,2600,2599,2599,2600,2599,2600,8.163265228271484,4,6,2,8,6,5.882352828979492,2.040816307067871,6.25,7.843137741088867,2.040816307067871,6,37057.69366455078,24387.42059326172,28083.271728515625,6973.9862060546875,16525500416,4294963200,12578840576,3916201984
499,1771899011870,2600,2600,2599,2600,2599,2600,2600,2599,2599,2600,2599,2600,9.803921699523926,2.0833334922790527,4,12.244897842407227,10,2.040816307067871,2.0833334922790527,5.882352828979492,4.081632614135742,4.081632614135742,5.882352828979492,2.040816307067871,37057.976501464844,24390.417053222656,28083.829650878906,6973.9862060546875,16525500416,4294963200,12578910208,3916201984
499,1771899012370,2600,2600,2599,2600,2599,2600,2600,2599,2599,2600,2599,2600,6.122448921203613,7.692307949066162,10,5.882352828979492,10.204081535339355,4.081632614135742,3.9215688705444336,4,6,6.122448921203613,2.040816307067871,5.882352828979492,37058.26007080078,24393.48095703125,28084.45819091797,6973.9862060546875,16525500416,4294963200,12572790784,3916201984
499,1771899012870,2600,2600,2599,2600,2599,2600,2600,2599,2599,2600,2599,2600,8.163265228271484,8.163265228271484,4,4,10,6,18.367347717285156,12.244897842407227,10,2.0833334922790527,2.0833334922790527,7.843137741088867,37058.554748535156,24396.994201660156,28085.500244140625,6973.9862060546875,16525500416,4294963200,12577071104,3916201984
499,1771899013370,2600,2600,2599,2600,2599,2600,2600,2599,2599,2600,2599,2600,6.122448921203613,6.122448921203613,2,4,8.163265228271484,4,2,4.081632614135742,10,6,5.882352828979492,6.122448921203613,37058.83270263672,24399.98846435547,28086.061157226563,6973.9862060546875,16525500416,4294963200,12575461376,3916201984
499,1771899013870,2600,2600,2599,2600,2599,2600,2600,2599,2599,2600,2599,2600,6.122448921203613,4.1666669845581055,4,4,8,11.764705657958984,4.081632614135742,6,9.803921699523926,4,6,4.081632614135742,37059.11553955078,24403.318115234375,28086.94903564453,6973.9862060546875,16525500416,4294963200,12575895552,3916201984
499,1771899014371,2600,2600,2599,2600,2599,2600,2600,2599,2599,2600,2599,2600,7.692307949066162,2.040816307067871,0,2.040816307067871,8.163265228271484,2.0833334922790527,1.9607844352722168,5.769230842590332,8,6,8.163265228271484,6,37059.39178466797,24406.281860351563,28087.47979736328,6973.9862060546875,16525500416,4294963200,12575895552,3916201984
499,1771899014871,2600,2600,2599,2600,2599,2600,2600,2599,2599,2600,2599,2600,4.1666669845581055,6,5.882352828979492,5.882352828979492,12,3.9215688705444336,8,6.25,11.764705657958984,2.040816307067871,6,4,37059.68048095703,24409.588012695313,28088.319274902344,6973.9862060546875,16525500416,4294963200,12573872128,3916197888
499,1771899015371,2600,2600,2599,2600,2599,2600,2600,2599,2599,2600,2599,2600,4.081632614135742,6,2.040816307067871,8,8,4,0,8,0,6,10,10,37059.95886230469,24412.58038330078,28088.877319335938,6973.9862060546875,16525500416,4294963200,12573609984,3916197888
499,1771899015871,2600,2600,2599,2600,2599,2600,2600,2599,2599,2600,2599,2600,10.204081535339355,13.72549057006836,8.333333969116211,12.244897842407227,10.204081535339355,20,10,11.764705657958984,12.244897842407227,8.333333969116211,12,17.647058486938477,37060.25311279297,24418.328186035156,28092.186401367188,6973.9862060546875,16525500416,4294963200,12573863936,3916197888
499,1771899016371,2600,2600,2599,2600,2599,2600,2600,2599,2599,2600,2599,2600,11.764705657958984,16.32653045654297,12,12,20,18.367347717285156,17.307693481445313,12,14,16,12.5,12,37060.559509277344,24426.620971679688,28098.008239746094,6974.009460449219,16525500416,4294963200,12575436800,3916197888
499,1771899016871,2600,2600,2599,2600,2599,2600,2600,2599,2599,2600,2599,2600,2.0833334922790527,6.122448921203613,2,2,11.764705657958984,6,26.530611038208008,0,10,2.040816307067871,4,0,37060.85070800781,24431.372619628906,28100.29180908203,6974.009460449219,16525500416,4294963200,12575334400,3916197888
499,1771899017371,2600,2600,2599,2600,2599,2600,2600,2599,2599,2600,2599,2600,6,7.843137741088867,1.9607844352722168,7.843137741088867,8,4.081632614135742,8,2.040816307067871,3.9215688705444336,2.040816307067871,7.843137741088867,4,37061.12939453125,24434.430053710938,28100.91552734375,6974.009460449219,16525500416,4294963200,12575588352,3916197888
499,1771899017871,2600,2600,2599,2600,2599,2600,2600,2599,2599,2600,2599,2600,11.764705657958984,4.081632614135742,0,6.122448921203613,2.0833334922790527,9.803921699523926,6.122448921203613,11.538461685180664,10.416666030883789,6,12,6,37061.41931152344,24437.495666503906,28101.54412841797,6974.009460449219,16525500416,4294963200,12572835840,3916197888
499,1771899018371,2600,2600,2599,2600,2599,2600,2600,2599,2599,2600,2599,2600,2.0833334922790527,4,3.9215688705444336,4.081632614135742,3.9215688705444336,4.081632614135742,8.163265228271484,10,4,5.882352828979492,6.122448921203613,2.040816307067871,37061.696838378906,24440.477966308594,28102.09259033203,6974.009460449219,16525500416,4294963200,12572565504,3916193792
499,1771899018871,2600,2600,2599,2600,2599,2600,2600,2599,2599,2600,2599,2600,4.081632614135742,2.040816307067871,2,5.882352828979492,4.081632614135742,2.0833334922790527,20.40816307067871,4.081632614135742,8.163265228271484,2.040816307067871,12,4,37061.98486328125,24444.15496826172,28103.29949951172,6974.009460449219,16525500416,4294963200,12573691904,3916193792
499,1771899019372,2600,2600,2599,2600,2599,2600,2600,2599,2599,2600,2599,2600,8,4,4,4,2.040816307067871,5.882352828979492,10,3.9215688705444336,2.040816307067871,6,8,2.040816307067871,37062.25958251953,24447.1044921875,28103.817993164063,6974.009460449219,16525500416,4294963200,12573691904,3916193792
499,1771899019872,2600,2600,2599,2600,2599,2600,2600,2599,2599,2600,2599,2600,6.122448921203613,4,2.040816307067871,6,5.882352828979492,0,6.122448921203613,6.122448921203613,11.764705657958984,10,6.122448921203613,4,37062.54089355469,24450.08563232422,28104.365356445313,6974.009460449219,16525500416,4294963200,12573425664,3916189696
499,1771899020372,2600,2600,2599,2600,2599,2600,2600,2599,2599,2600,2599,2600,16,4,4,10.204081535339355,2.040816307067871,2.040816307067871,8,2,2.040816307067871,4.081632614135742,10.204081535339355,8,37062.82421875,24453.302124023438,28105.149963378906,6974.009460449219,16525500416,4294963200,12574224384,3916189696
499,1771899020872,2600,2600,2599,2600,2599,2600,2600,2599,2599,2600,2599,2600,12.244897842407227,8.163265228271484,12.244897842407227,18.367347717285156,10,18.367347717285156,12,10.416666030883789,12.244897842407227,10.204081535339355,16.32653045654297,14,37063.15026855469,24458.317016601563,28107.712768554688,6974.009460449219,16525500416,4294963200,12575424512,3916189696
499,1771899021372,2600,2600,2599,2600,2599,2600,2600,2599,2599,2600,2599,2600,42,44,40.81632614135742,41.17647171020508,40.81632614135742,42.30769348144531,42,49.01960754394531,40.81632614135742,39.2156867980957,38,40,37063.58758544922,24479.218872070313,28126.0537109375,6974.05517578125,16525500416,4294963200,12558344192,3916189696
499,1771899021872,2600,2600,2599,2600,2599,2600,2600,2599,2599,2600,2599,2600,6,7.843137741088867,5.882352828979492,4,7.843137741088867,4.081632614135742,4.081632614135742,4,2,2,10,6,37063.86737060547,24482.223205566406,28126.6171875,6974.05517578125,16525500416,4294963200,12557746176,3916189696
499,1771899022373,2600,2600,2599,2600,2599,2600,2600,2599,2599,2600,2599,2600,28.571430206298828,24.489795684814453,22.448978424072266,24.489795684814453,24.489795684814453,30.000001907348633,37.25490188598633,22,25.490198135375977,24,26,24.489795684814453,37064.217346191406,24493.457275390625,28135.375122070313,6974.0743408203125,16525500416,4294963200,12519673856,3916185600
499,1771899022872,2600,2600,2599,2600,2599,2600,2600,2599,2599,2600,2599,2600,22,13.72549057006836,7.843137741088867,4.1666669845581055,9.803921699523926,4.081632614135742,4.081632614135742,0,4.081632614135742,0,6.122448921203613,14.285715103149414,37064.512145996094,24497.289978027344,28136.728576660156,6974.0743408203125,16525500416,4294963200,12523376640,3916185600
499,1771899023373,2600,2600,2599,2600,2599,2600,2600,2599,2599,2600,2599,2600,6.25,8.333333969116211,6,8,8.163265228271484,2.040816307067871,4,6,3.9215688705444336,5.769230842590332,4,17.307693481445313,37064.82879638672,24501.962463378906,28138.94775390625,6974.0743408203125,16525500416,4294963200,12519661568,3916185600
499,1771899023873,2600,2600,2599,2600,2599,2600,2600,2599,2599,2600,2599,2600,11.538461685180664,12,4,8,6,4,6,4.081632614135742,2.040816307067871,4.081632614135742,4,4.081632614135742,37065.127502441406,24505.32012939453,28139.86749267578,6974.0743408203125,16525500416,4294963200,12409982976,3916185600
499,1771899024373,2600,2600,2599,2600,2599,2600,2600,2599,2599,2600,2599,2600,6.122448921203613,7.843137741088867,10.204081535339355,11.764705657958984,10.204081535339355,5.882352828979492,6,5.882352828979492,3.9215688705444336,4,6,6,37065.40588378906,24508.351318359375,28140.46746826172,6974.0743408203125,16525500416,4294963200,12409724928,3916185600
499,1771899024873,2600,2600,2599,2600,2599,2600,2600,2599,2599,2600,2599,2600,8.163265228271484,18,11.764705657958984,4.1666669845581055,8.163265228271484,4.1666669845581055,4,6,2,8,4.081632614135742,2.0833334922790527,37065.7001953125,24511.54071044922,28141.17108154297,6974.0743408203125,16525500416,4294963200,12409511936,3916181504
499,1771899025373,2600,2600,2599,2600,2599,2600,2600,2599,2599,2600,2599,2600,8,0,8.163265228271484,4.081632614135742,7.843137741088867,8,0,2.040816307067871,4,4.081632614135742,4.081632614135742,10,37065.978759765625,24514.536499023438,28141.735229492188,6974.0743408203125,16525500416,4294963200,12409511936,3916181504
499,1771899025873,2600,2600,2599,2600,2599,2600,2600,2599,2599,2600,2599,2600,6,2.040816307067871,2.040816307067871,2,10,8.163265228271484,4,7.843137741088867,2,4.081632614135742,10,4,37066.25744628906,24517.54132080078,28142.3095703125,6974.0743408203125,16525500416,4294963200,12409585664,3916181504
499,1771899026374,2600,2600,2599,2600,2599,2600,2600,2599,2599,2600,2599,2600,8.163265228271484,5.882352828979492,8.163265228271484,4,8,8,6,2.0833334922790527,4.081632614135742,4.081632614135742,10,4,37066.54650878906,24520.564697265625,28142.890747070313,6974.0743408203125,16525500416,4294963200,12409573376,3916181504
499,1771899026874,2600,2600,2599,2600,2599,2600,2600,2599,2599,2600,2599,2600,6.122448921203613,9.803921699523926,8,4,8,22,2,4.081632614135742,2.040816307067871,4.081632614135742,4,9.803921699523926,37066.83386230469,24524.575134277344,28144.43817138672,6974.0743408203125,16525500416,4294963200,12409384960,3916181504
499,1771899027374,2600,2600,2599,2600,2599,2600,2600,2599,2599,2600,2599,2600,12.244897842407227,2.0833334922790527,12.5,8.163265228271484,7.843137741088867,6.122448921203613,4,12,4,13.72549057006836,6.122448921203613,8.333333969116211,37067.134765625,24527.86492919922,28145.28546142578,6974.0743408203125,16525500416,4294963200,12414685184,3916165120
499,1771899027874,2600,2600,2599,2600,2599,2600,2600,2599,2599,2600,2599,2600,11.764705657958984,2.0833334922790527,5.882352828979492,4.1666669845581055,2.0833334922790527,4.081632614135742,6,12,6,18.367347717285156,8,5.882352828979492,37067.44641113281,24533.091186523438,28148.022705078125,6974.0743408203125,16525500416,4294963200,12425555968,3916156928
499,1771899028374,2600,2600,2599,2600,2599,2600,2600,2599,2599,2600,2599,2600,6.25,7.843137741088867,9.803921699523926,10,6,5.882352828979492,4.081632614135742,4.081632614135742,3.9215688705444336,4,11.764705657958984,0,37067.728759765625,24536.10595703125,28148.605041503906,6974.0743408203125,16525500416,4294963200,12425494528,3916156928
499,1771899028874,2600,2600,2599,2600,2599,2600,2600,2599,2599,2600,2599,2600,10.416666030883789,15.686275482177734,6.122448921203613,16,15.686275482177734,10.416666030883789,14,12,32.65306091308594,8.163265228271484,12.244897842407227,8.163265228271484,37068.09020996094,24544.119140625,28154.12890625,6974.0743408203125,16525500416,4294963200,12413427712,3916156928
499,1771899029374,2600,2600,2599,2600,2599,2600,2600,2599,2599,2600,2599,2600,7.843137741088867,0,9.803921699523926,6,6.122448921203613,3.9215688705444336,6.25,6,0,6.122448921203613,1.9607844352722168,8,37068.3662109375,24547.184204101563,28154.755615234375,6974.0743408203125,16525500416,4294963200,12413935616,3916156928
499,1771899029874,2600,2600,2599,2600,2599,2600,2600,2599,2599,2600,2599,2600,5.882352828979492,4,4.1666669845581055,6,11.764705657958984,2.040816307067871,7.843137741088867,2.040816307067871,4,9.615385055541992,6,5.882352828979492,37068.64227294922,24550.155639648438,28155.298461914063,6974.0743408203125,16525500416,4294963200,12413677568,3916156928
499,1771899030374,2600,2600,2599,2600,2599,2600,2600,2599,2599,2600,2599,2600,6.122448921203613,2.040816307067871,8,9.803921699523926,6,0,10.204081535339355,5.882352828979492,4,6,2.040816307067871,4.1666669845581055,37068.923278808594,24553.111083984375,28155.830627441406,6974.0743408203125,16525500416,4294963200,12413411328,3916156928
499,1771899030875,2600,2600,2599,2600,2599,2600,2600,2599,2599,2600,2599,2600,2.0833334922790527,2.040816307067871,9.803921699523926,18.367347717285156,4,5.882352828979492,6,0,4.081632614135742,4.081632614135742,4,4.081632614135742,37069.20837402344,24556.96844482422,28157.21728515625,6974.0743408203125,16525500416,4294963200,12413132800,3916156928
499,1771899031375,2600,2600,2599,2600,2599,2600,2600,2599,2599,2600,2599,2600,20.40816307067871,20,22.448978424072266,24,22,22,35.29411697387695,20.40816307067871,23.52941131591797,21.568628311157227,18.367347717285156,24.489795684814453,37069.53399658203,24568.156494140625,28165.938110351563,6974.09619140625,16525500416,4294963200,12411490304,3916156928
499,1771899031875,2600,2600,2599,2600,2599,2600,2600,2599,2599,2600,2599,2600,19.60784339904785,17.647058486938477,10.416666030883789,16,14.285715103149414,10.204081535339355,16.32653045654297,8,21.568628311157227,6.122448921203613,17.647058486938477,15.686275482177734,37069.877868652344,24572.16876220703,28167.510864257813,6974.09619140625,16525500416,4294963200,12410552320,3916148736
499,1771899032375,2600,2600,2599,2600,2599,2600,2600,2599,2599,2600,2599,2600,6.122448921203613,8.333333969116211,7.692307949066162,4,8.163265228271484,0,5.882352828979492,4.081632614135742,2.0833334922790527,4,8.163265228271484,8.163265228271484,37070.16375732422,24575.212463378906,28168.11602783203,6974.09619140625,16525500416,4294963200,12410552320,3916148736
499,1771899032875,2600,2600,2599,2600,2599,2600,2600,2599,2599,2600,2599,2600,6.122448921203613,7.843137741088867,4.1666669845581055,2.040816307067871,10,7.843137741088867,6,8,7.843137741088867,8.163265228271484,12,10.204081535339355,37070.449462890625,24578.287475585938,28168.734497070313,6974.09619140625,16525500416,4294963200,12411392000,3916148736
499,1771899033375,2600,2600,2599,2600,2599,2600,2600,2599,2599,2600,2599,2600,2.0833334922790527,8,9.803921699523926,2,7.843137741088867,3.9215688705444336,2.040816307067871,4.081632614135742,6,9.803921699523926,4,6,37070.726806640625,24581.271057128906,28169.28973388672,6974.09619140625,16525500416,4294963200,12406763520,3916148736
499,1771899033875,2600,2600,2599,2600,2599,2600,2600,2599,2599,2600,2599,2600,6.122448921203613,2.040816307067871,4.1666669845581055,2,6.25,6.122448921203613,4.081632614135742,4.081632614135742,8.163265228271484,4.081632614135742,4,6,37071.007873535156,24584.284118652344,28169.875,6974.09619140625,16525500416,4294963200,12407255040,3916148736
499,1771899034375,2600,2600,2599,2600,2599,2600,2600,2599,2599,2600,2599,2600,6,4,10,0,9.803921699523926,6,3.9215688705444336,9.803921699523926,5.882352828979492,8,6,7.843137741088867,37071.28759765625,24587.289672851563,28170.45196533203,6974.09619140625,16525500416,4294963200,12407255040,3916148736
499,1771899034875,2600,2600,2599,2600,2599,2600,2600,2599,2599,2600,2599,2600,4.081632614135742,2.040816307067871,2.040816307067871,2.040816307067871,8,4,2.040816307067871,4.081632614135742,6,6.122448921203613,4,18,37071.56787109375,24590.89288330078,28171.62322998047,6974.09619140625,16525500416,4294963200,12407050240,3916148736
499,1771899035375,2600,2600,2599,2600,2599,2600,2600,2599,2599,2600,2599,2600,8,4,2.040816307067871,11.764705657958984,2.040816307067871,6,4,5.882352828979492,4.081632614135742,7.843137741088867,4.081632614135742,4,37071.84716796875,24594.086181640625,28172.357055664063,6974.09619140625,16525500416,4294963200,12405235712,3916148736
499,1771899035875,2600,2600,2599,2600,2599,2600,2600,2599,2599,2600,2599,2600,0,7.843137741088867,3.9215688705444336,2.0833334922790527,10,6,3.9215688705444336,4.081632614135742,6.122448921203613,6.122448921203613,8,6,37072.128479003906,24597.073181152344,28172.924072265625,6974.09619140625,16525500416,4294963200,12404277248,3916140544
499,1771899036376,2600,2600,2599,2600,2599,2600,2600,2599,2599,2600,2599,2600,47.05882263183594,40.81632614135742,44,64,44,44,40.81632614135742,42,49.01960754394531,38.775508880615234,41.17647171020508,42,37072.586975097656,24619.208129882813,28192.5107421875,6974.14111328125,16525500416,4294963200,12409544704,3916140544
499,1771899036876,2600,2600,2599,2600,2599,2600,2600,2599,2599,2600,2599,2600,8,4.081632614135742,8,10.204081535339355,13.72549057006836,10,4,1.9607844352722168,2,7.843137741088867,6.122448921203613,6.25,37072.87176513672,24622.25,28193.12274169922,6974.14111328125,16525500416,4294963200,12409655296,3916140544
499,1771899037376,2600,2600,2599,2600,2599,2600,2600,2599,2599,2600,2599,2600,22,26,24,30.612245559692383,22.448978424072266,24,28,22.448978424072266,18.75,26,24.489795684814453,26,37073.192810058594,24632.229064941406,28200.608825683594,6974.160827636719,16525500416,4294963200,12406665216,3916140544
499,1771899037876,2600,2600,2599,2600,2599,2600,2600,2599,2599,2600,2599,2600,10.204081535339355,8.163265228271484,2,4.081632614135742,13.461539268493652,6.122448921203613,8.163265228271484,6,2.040816307067871,12,4,6,37073.48779296875,24635.28582763672,28201.23211669922,6974.160827636719,16525500416,4294963200,12405157888,3916140544
499,1771899038376,2600,2600,2599,2600,2599,2600,2600,2599,2599,2600,2599,2600,9.803921699523926,8,2,12,4.1666669845581055,6.122448921203613,2,6.122448921203613,4,8,0,2,37073.77813720703,24638.513549804688,28202.029052734375,6974.160827636719,16525500416,4294963200,12405612544,3916140544
499,1771899038876,2600,2600,2599,2600,2599,2600,2600,2599,2599,2600,2599,2600,4.1666669845581055,8.163265228271484,2,10,12.244897842407227,13.461539268493652,12,14,20.40816307067871,6.25,3.9215688705444336,2.040816307067871,37074.098693847656,24642.34326171875,28203.417358398438,6974.160827636719,16525500416,4294963200,12424859648,3916140544
499,1771899039376,2600,2600,2599,2600,2599,2600,2600,2599,2599,2600,2599,2600,19.230770111083984,16.32653045654297,8.163265228271484,6,21.153846740722656,14.583333015441895,12,8,12,14,4.081632614135742,6.122448921203613,37074.49963378906,24649.678771972656,28208.17791748047,6974.221130371094,16525500416,4294963200,12424749056,3916136448
499,1771899039876,2600,2600,2599,2600,2599,2600,2600,2599,2599,2600,2599,2600,8,7.843137741088867,4.081632614135742,5.882352828979492,4.1666669845581055,4,4.1666669845581055,0,5.769230842590332,2.040816307067871,4.081632614135742,9.803921699523926,37074.78039550781,24652.66326904297,28208.7333984375,6974.221130371094,16525500416,4294963200,12424876032,3916136448
499,1771899040377,2600,2600,2599,2600,2599,2600,2600,2599,2599,2600,2599,2600,10.204081535339355,8.163265228271484,2.040816307067871,4.1666669845581055,7.843137741088867,6,6,5.769230842590332,4.081632614135742,5.882352828979492,2.040816307067871,8,37075.061950683594,24655.659790039063,28209.297607421875,6974.221130371094,16525500416,4294963200,12425129984,3916136448
499,1771899040876,2600,2600,2599,2600,2599,2600,2600,2599,2599,2600,2599,2600,4.081632614135742,6.122448921203613,3.9215688705444336,6,2.040816307067871,4,4.081632614135742,2,14.285715103149414,0,4,6.122448921203613,37075.3447265625,24659.677490234375,28210.893920898438,6974.221130371094,16525500416,4294963200,12425641984,3916136448
500,1771899041376,2600,2600,2599,2600,2599,2600,2600,2599,2599,2600,2599,2600,36.73469543457031,20.40816307067871,10.204081535339355,57.69230651855469,26,16.666667938232422,35.29411697387695,22,22.448978424072266,14.583333015441895,28.571430206298828,17.647058486938477,37075.92687988281,24676.795166015625,28225.39892578125,6974.273620605469,16525500416,4294963200,12583243776,3916136448
499,1771899041877,2600,2600,2599,2600,2599,2600,2600,2599,2599,2600,2599,2600,6.25,13.72549057006836,8.163265228271484,64,20,18,8,10.204081535339355,13.72549057006836,16,42,6.122448921203613,37076.45715332031,24695.065185546875,28240.88427734375,6974.509216308594,16525500416,4294963200,12690305024,3916136448
499,1771899042377,2600,2600,2599,2600,2599,2600,2600,2599,2599,2600,2599,2600,10,12,19.60784339904785,66,16,22,10.204081535339355,12,10.416666030883789,7.843137741088867,42,14,37076.963134765625,24713.53955078125,28256.890075683594,6974.509216308594,16525500416,4294963200,12710449152,3916136448
499,1771899042877,2600,2600,2599,2600,2599,2600,2600,2599,2599,2600,2599,2600,9.803921699523926,8,13.72549057006836,16,14,4.081632614135742,12,8,8,6.25,20,10,37077.316833496094,24722.166076660156,28263.01287841797,6974.509216308594,16525500416,4294963200,12717199360,3916136448
499,1771899043377,2600,2600,2599,2600,2599,2600,2600,2599,2599,2600,2599,2600,10.204081535339355,8,12.244897842407227,6,8,3.9215688705444336,6.122448921203613,4.1666669845581055,8,11.764705657958984,4,6.25,37077.60272216797,24725.280700683594,28263.668212890625,6974.509216308594,16525500416,4294963200,12718731264,3916136448
500,1771899043877,2600,2600,2599,2600,2599,2600,2600,2599,2599,2600,2599,2600,6,8,7.843137741088867,10.416666030883789,8.163265228271484,6,5.882352828979492,7.843137741088867,6.122448921203613,10.204081535339355,75.51020050048828,6,37078.028076171875,24736.668395996094,28272.57958984375,6974.509216308594,16525500416,4294963200,12726194176,3916136448
499,1771899044378,2600,2600,2599,2600,2599,2600,2600,2599,2599,2600,2599,2600,6,10,6,7.843137741088867,4.081632614135742,6,4.1666669845581055,8.163265228271484,4.081632614135742,5.882352828979492,58.82353210449219,6,37078.43835449219,24747.100708007813,28280.517700195313,6974.509216308594,16525500416,4294963200,12684443648,3916136448
499,1771899044878,2600,2600,2599,2600,2599,2600,2600,2599,2599,2600,2599,2600,7.843137741088867,8.163265228271484,4.1666669845581055,2.040816307067871,12,3.9215688705444336,4,22,2.040816307067871,4.081632614135742,2,6.122448921203613,37078.72821044922,24751.29901123047,28282.283447265625,6974.509216308594,16525500416,4294963200,12684668928,3916136448
499,1771899045378,2600,2600,2599,2600,2599,2600,2600,2599,2599,2600,2599,2600,8.163265228271484,8.163265228271484,5.882352828979492,10,12,2.0833334922790527,5.882352828979492,4,4.081632614135742,6.25,0,4.081632614135742,37079.01220703125,24754.48748779297,28283.01220703125,6974.509216308594,16525500416,4294963200,12683563008,3916136448
499,1771899045878,2600,2600,2599,2600,2599,2600,2600,2599,2599,2600,2599,2600,7.843137741088867,9.803921699523926,4.081632614135742,2.040816307067871,10,4,6,0,6,11.764705657958984,4,11.764705657958984,37079.29650878906,24757.479370117188,28283.573303222656,6974.509216308594,16525500416,4294963200,12681969664,3916136448
499,1771899046378,2600,2600,2599,2600,2599,2600,2600,2599,2599,2600,2599,2600,20.40816307067871,16.32653045654297,21.568628311157227,26,20.40816307067871,20,20,19.60784339904785,18.367347717285156,20,21.568628311157227,30.000001907348633,37079.637756347656,24769.07635498047,28292.654357910156,6974.57470703125,16525500416,4294963200,12667121664,3916136448
499,1771899046878,2600,2600,2599,2600,2599,2600,2600,2599,2599,2600,2599,2600,10,4,6.25,6,10,0,2.040816307067871,6.122448921203613,3.9215688705444336,12,4.1666669845581055,2.127659559249878,37079.91973876953,24772.11505126953,28293.262634277344,6974.57470703125,16525500416,4294963200,12665155584,3916136448
499,1771899047378,2600,2600,2599,2600,2599,2600,2600,2599,2599,2600,2599,2600,12,9.803921699523926,5.882352828979492,9.803921699523926,8,0,4,6,2.040816307067871,4.1666669845581055,5.882352828979492,6,37080.19921875,24775.158447265625,28293.838256835938,6974.57470703125,16525500416,4294963200,12664889344,3916136448
499,1771899047878,2600,2600,2599,2600,2599,2600,2600,2599,2599,2600,2599,2600,10.204081535339355,6.25,8.163265228271484,2.040816307067871,15.686275482177734,4,4.081632614135742,11.764705657958984,6,6,2.0833334922790527,10,37080.492736816406,24778.345581054688,28294.59326171875,6974.57470703125,16525500416,4294963200,12666871808,3916136448
499,1771899048378,2600,2600,2599,2600,2599,2600,2600,2599,2599,2600,2599,2600,12,12,8,6,8,0,6,6,2.0833334922790527,6,4,6,37080.77978515625,24781.362731933594,28295.179565429688,6974.57470703125,16525500416,4294963200,12667858944,3916034048
499,1771899048879,2600,2600,2599,2600,2599,2600,2600,2599,2599,2600,2599,2600,24.489795684814453,6,4,7.843137741088867,8.333333969116211,4,3.9215688705444336,6.122448921203613,2,4.081632614135742,2.040816307067871,8,37081.07354736328,24785.557067871094,28296.943725585938,6974.57470703125,16525500416,4294963200,12664676352,3916034048
499,1771899049379,2600,2600,2599,2600,2599,2600,2600,2599,2599,2600,2599,2600,8,8.163265228271484,7.692307949066162,9.803921699523926,7.843137741088867,4.081632614135742,0,2.040816307067871,4.081632614135742,4.081632614135742,4.081632614135742,4.1666669845581055,37081.35388183594,24788.590209960938,28297.515991210938,6974.57470703125,16525500416,4294963200,12665196544,3916034048
499,1771899049879,2600,2600,2599,2600,2599,2600,2600,2599,2599,2600,2599,2600,6.25,5.882352828979492,2.040816307067871,6.122448921203613,8,2.040816307067871,3.9215688705444336,9.803921699523926,7.843137741088867,4.081632614135742,5.882352828979492,7.843137741088867,37081.63446044922,24791.57794189453,28298.07452392578,6974.57470703125,16525500416,4294963200,12663300096,3916034048
0,1771899050379,2600,2600,2599,2600,2599,2600,2600,2599,2599,2600,2599,2600,7.843137741088867,4.1666669845581055,0,10.204081535339355,20,2.040816307067871,6.122448921203613,6,4.081632614135742,2.040816307067871,4.081632614135742,8,37081.92883300781,24794.703491210938,28298.723022460938,6974.618835449219,16525500416,4294963200,12652429312,3916034048
